Scintillators, matchrate (match / (neutron/cm²))
1, 2.0280000000000002e-7
2, 6.422000000000001e-7
3, 1.5210000000000001e-6
4, 2.5181000000000005e-6
5, 3.9146e-6
6, 5.554499999999999e-6
7, 7.935e-6
8, 1.15322e-5
9, 1.34366e-5
10, 1.54468e-5
11, 2.1001299999999998e-5
12, 2.6291299999999997e-5
13, 2.5482600000000006e-5
14, 3.1798800000000005e-5
15, 3.789720000000001e-5
16, 4.312440000000001e-5
17, 4.835160000000001e-5
18, 5.172750000000001e-5
19, 5.695470000000001e-5
20, 6.272640000000001e-5
21, 6.435990000000002e-5
22, 8.113050000000001e-5
23, 8.603100000000002e-5
24, 9.365400000000002e-5
25, 0.00010354400000000001
0.00010687220000000002
0.00010298930000000001
0.00011352860000000002
0.00010953476000000002
0.00012000010000000001
